0.005382061004638672
0.0046977996826171875
0.005410194396972656
0.005794525146484375
0.005602121353149414
0.005686759948730469
0.00540924072265625
0.005743503570556641
0.0059413909912109375
0.005544185638427734
0.0053768157958984375
0.005226850509643555
0.006397724151611328
0.00589752197265625
0.00533747673034668
0.006736040115356445
0.00546717643737793
0.0056304931640625
0.0057125091552734375
0.005591154098510742
0.00686955451965332
0.006997108459472656
0.005765438079833984
0.006048917770385742
0.005556583404541016
0.005460262298583984
0.005251884460449219
0.01466059684753418
0.00533604621887207
0.006086587905883789
0.0059773921966552734
0.005700111389160156
0.005398750305175781
0.005380868911743164
0.005994081497192383
0.005903005599975586
0.005892276763916016
0.00507354736328125
0.006005048751831055
0.005023479461669922
0.007664918899536133
0.006100654602050781
0.005484342575073242
0.005709409713745117
0.006743192672729492
0.005913257598876953
0.006285190582275391
0.006346702575683594
0.00577855110168457
0.005961179733276367
0.005443572998046875
0.005766868591308594
0.005694866180419922
0.005913972854614258
0.0061075687408447266
0.006328105926513672
0.006573677062988281
0.005033016204833984
0.00592803955078125
0.005314826965332031
0.006140708923339844
0.00599980354309082
0.010400056838989258
0.005631685256958008
0.005858182907104492
0.005276679992675781
0.005229473114013672
0.007456541061401367
0.005368232727050781
0.007496833801269531
0.0061151981353759766
0.005447864532470703
0.0067484378814697266
0.006576061248779297
0.0054433345794677734
0.006112098693847656
0.007163286209106445
0.006693363189697266
0.005763053894042969
0.006540060043334961
0.0053861141204833984
0.0061647891998291016
0.005501747131347656
0.005213737487792969
0.007274627685546875
0.005997657775878906
0.0055866241455078125
0.005618095397949219
0.005168914794921875
0.005580902099609375
0.0059087276458740234
0.004991769790649414
0.0054645538330078125
0.006770610809326172
0.006452798843383789
0.006407976150512695
0.006002187728881836
0.005806684494018555
0.00640106201171875
0.00593876838684082
0.005061626434326172
0.00539398193359375
0.006041049957275391
0.005767107009887695
0.0051724910736083984
0.005553483963012695
0.00559544563293457
0.006860017776489258
0.004990100860595703
0.005658149719238281
0.005501508712768555
0.005286455154418945
0.005354404449462891
0.005611896514892578
0.005471229553222656
0.00572514533996582
0.007414817810058594
0.006655216217041016
0.005102634429931641
0.005152702331542969
0.0051996707916259766
0.005069732666015625
0.0055544376373291016
0.005272388458251953
0.011548995971679688
0.0054476261138916016
0.005906820297241211
0.006528615951538086
0.006168365478515625
0.005377769470214844
0.006048679351806641
0.0070340633392333984
0.006249189376831055
0.0066378116607666016
0.005835056304931641
0.00671076774597168
0.0056569576263427734
0.006205081939697266
0.0055065155029296875
0.0055217742919921875
0.006528377532958984
0.00553131103515625
0.0058977603912353516
0.005597114562988281
0.0056726932525634766
0.007324695587158203
0.006101131439208984
0.005460977554321289
0.006013393402099609
0.006591796875
0.009517431259155273
0.006068229675292969
0.006918191909790039
0.010213851928710938
0.006501197814941406
0.006640911102294922
0.007779598236083984
0.0057752132415771484
0.00665593147277832
0.005661725997924805
0.005398273468017578
0.0053446292877197266
0.005963325500488281
0.0054628849029541016
0.005615234375
0.005392313003540039
0.007199764251708984
0.0055370330810546875
0.005453824996948242
0.005505084991455078
0.005628108978271484
0.006043195724487305
0.005897998809814453
0.005455493927001953
0.006823539733886719
0.006934165954589844
0.005701303482055664
0.007110595703125
0.005636453628540039
0.006022453308105469
0.005847930908203125
0.005577802658081055
0.005670070648193359
0.005400180816650391
0.008642911911010742
0.005715847015380859
0.01006174087524414
0.007231473922729492
0.01330709457397461
0.009805917739868164
0.0053899288177490234
0.005612373352050781
0.005917072296142578
0.006150960922241211
0.006274700164794922
0.005314826965332031
0.005763053894042969
0.00543212890625
0.006561994552612305
0.0061647891998291016
0.005403757095336914
0.006309986114501953
0.005667448043823242
0.005156993865966797
0.007112264633178711
0.0054171085357666016
0.007201433181762695
0.0053980350494384766
0.006237506866455078
0.006219387054443359
0.005459308624267578
0.0070590972900390625
0.006865978240966797
0.009362220764160156
0.010428667068481445
0.00702357292175293
0.005667686462402344
0.0053827762603759766
0.005860328674316406
0.00541377067565918
0.005942821502685547
0.0054438114166259766
0.0054247379302978516
0.00550532341003418
0.005471467971801758
0.007027864456176758
0.0055844783782958984
0.005267620086669922
0.006234645843505859
0.05245256423950195
0.02756047248840332
0.006372928619384766
0.005246639251708984
0.005541086196899414
0.00542902946472168
0.005030393600463867
0.0074176788330078125
0.006657600402832031
0.011829853057861328
0.006346225738525391
0.005902528762817383
0.005563497543334961
0.005278348922729492
0.007320404052734375
0.006785869598388672
0.005419492721557617
0.005531787872314453
0.005268573760986328
0.005956411361694336
0.005452871322631836
0.005439281463623047
0.005923748016357422
0.005411624908447266
0.0056154727935791016
0.0058100223541259766
0.007816553115844727
0.0059185028076171875
0.010608434677124023
0.006133079528808594
0.006198883056640625
0.0054302215576171875
0.009900093078613281
0.005690574645996094
0.006090641021728516
0.00554347038269043
0.005625724792480469
0.005513906478881836
0.005604743957519531
0.008372783660888672
0.009591102600097656
0.007077932357788086
0.005969524383544922
0.00570225715637207
0.00643467903137207
0.005296945571899414
0.005736351013183594
0.005280494689941406
0.005376100540161133
0.0062634944915771484
0.0054509639739990234
0.006548404693603516
0.0055925846099853516
0.0055751800537109375
0.006169795989990234
0.006487369537353516
0.006620645523071289
0.006002664566040039
0.006760597229003906
0.006194114685058594
0.00527644157409668
0.0059566497802734375
0.00587916374206543
0.005246400833129883
0.00785064697265625
0.0054285526275634766
0.006403207778930664
0.005467891693115234
0.006306886672973633
0.0059833526611328125
0.0056302547454833984
0.006287813186645508
0.005331516265869141
0.005623340606689453
0.005631208419799805
0.005614757537841797
0.006749868392944336
0.0053637027740478516
0.005062103271484375
0.01051950454711914
0.0057637691497802734
0.013398170471191406
0.00818490982055664
0.006417751312255859
0.007131814956665039
0.005642414093017578
0.005385398864746094
0.006926536560058594
0.006613254547119141
0.007069826126098633
0.006888628005981445
0.006659269332885742
0.01004934310913086
0.005384922027587891
0.0076868534088134766
0.008368492126464844
0.005940914154052734
0.006628990173339844
0.005492448806762695
0.00577545166015625
0.005583524703979492
0.005581855773925781
0.006106853485107422
0.006853580474853516
0.0061872005462646484
0.0054705142974853516
0.0057675838470458984
0.005621671676635742
0.006746530532836914
0.005372762680053711
0.005457401275634766
0.0062406063079833984
0.005829572677612305
0.005960941314697266
0.0058443546295166016
0.005967378616333008
0.005704402923583984
0.005692481994628906
0.0057086944580078125
0.005162477493286133
0.0060656070709228516
0.0057942867279052734
0.005475044250488281
0.005494356155395508
0.008561134338378906
0.0072553157806396484
0.008264780044555664
0.0063326358795166016
0.005679130554199219
0.007057905197143555
0.006115913391113281
0.006258487701416016
0.006673336029052734
0.007067680358886719
0.00621342658996582
0.005891561508178711
0.0055544376373291016
0.005974769592285156
0.005291938781738281
0.006396770477294922
0.005408287048339844
0.00715947151184082
0.0076482295989990234
0.00557255744934082
0.004926204681396484
0.00529170036315918
0.005888938903808594
0.007588624954223633
0.0055501461029052734
0.00645899772644043
0.005558967590332031
0.006569623947143555
0.005796909332275391
0.0061070919036865234
0.0054204463958740234
0.0055162906646728516
0.00634312629699707
0.005391597747802734
0.005697965621948242
0.005354642868041992
0.005510091781616211
0.005697011947631836
0.0049631595611572266
0.005497932434082031
0.00632929801940918
0.005644321441650391
0.005536556243896484
0.005572795867919922
0.005116939544677734
0.0065631866455078125
0.005772113800048828
0.006000518798828125
0.0055735111236572266
0.006956815719604492
0.005427122116088867
0.006394624710083008
0.009525775909423828
0.00539398193359375
0.005539655685424805
0.005455493927001953
0.005707263946533203
0.00662994384765625
0.008544206619262695
0.005597829818725586
0.006833791732788086
0.005586862564086914
0.005664825439453125
0.0057718753814697266
0.00786447525024414
0.0054738521575927734
0.005962371826171875
0.005833625793457031
0.005914449691772461
0.008884429931640625
0.010678768157958984
0.008530139923095703
0.005669832229614258
0.0062105655670166016
0.006235837936401367
0.020650625228881836
0.0069735050201416016
0.006030082702636719
0.007249355316162109
0.0064296722412109375
0.006459474563598633
0.005348682403564453
0.005457162857055664
0.0057353973388671875
0.0055294036865234375
0.0052433013916015625
0.0061931610107421875
0.007924795150756836
0.005982875823974609
0.005606889724731445
0.005905628204345703
0.00561976432800293
0.005758047103881836
0.005643367767333984
0.005545377731323242
0.006283760070800781
0.0053751468658447266
0.0053081512451171875
0.00568699836730957
0.005854606628417969
0.005403995513916016
0.0068285465240478516
0.0066928863525390625
0.005215883255004883
0.00550079345703125
0.006845235824584961
0.004885196685791016
0.006650447845458984
0.006865024566650391
0.005232095718383789
0.005525112152099609
0.005972146987915039
0.0056874752044677734
0.006434202194213867
0.005488157272338867
0.008731603622436523
0.005441427230834961
0.005615949630737305
0.006640434265136719
0.006806612014770508
0.006796598434448242
0.005397319793701172
0.006445646286010742
0.006613731384277344
0.006193637847900391
0.0053174495697021484
0.0056362152099609375
0.006237030029296875
0.005464076995849609
0.005613088607788086
0.0055675506591796875
0.008306503295898438
0.0068132877349853516
0.006688117980957031
0.006938457489013672
0.005895853042602539
0.006561279296875
0.006121158599853516
0.005183219909667969
0.006426334381103516
0.006635904312133789
0.007355213165283203
0.005427837371826172
0.00542902946472168
0.005635738372802734
0.006266593933105469
0.00566554069519043
0.005574464797973633
0.006525516510009766
0.005486726760864258
0.0052394866943359375
0.006256580352783203
0.00509333610534668
0.0060770511627197266
0.007119894027709961
0.005883693695068359
0.005713701248168945
0.00561976432800293
0.005517482757568359
0.005218982696533203
0.007573366165161133
0.006451845169067383
0.005997657775878906
0.005162477493286133
0.0057599544525146484
0.00529026985168457
0.005658864974975586
0.009645462036132812
0.005949497222900391
0.006192445755004883
0.0061495304107666016
0.007112026214599609
0.00618433952331543
0.0074579715728759766
0.007248640060424805
0.010654211044311523
0.007161617279052734
0.005581378936767578
0.006075620651245117
0.005469083786010742
0.006924152374267578
0.006376504898071289
0.005196332931518555
0.0055925846099853516
0.006679534912109375
0.00538945198059082
0.005755901336669922
0.005991458892822266
0.007088422775268555
0.006579875946044922
0.0064868927001953125
0.005495786666870117
0.0054514408111572266
0.005217313766479492
0.0075528621673583984
0.006573915481567383
0.00699162483215332
0.006819725036621094
0.00703740119934082
0.005318164825439453
0.006203651428222656
0.005635976791381836
0.006132841110229492
0.00552678108215332
0.00692439079284668
0.006340503692626953
0.00556635856628418
0.005788564682006836
0.0064945220947265625
0.0070455074310302734
0.005666017532348633
0.00622868537902832
0.00555109977722168
0.0061740875244140625
0.007013559341430664
0.006791830062866211
0.005453348159790039
0.005734682083129883
0.00552821159362793
0.0070953369140625
0.006510734558105469
0.006665706634521484
0.014128446578979492
0.01225733757019043
0.007897377014160156
0.007910966873168945
0.011393070220947266
0.007332801818847656
0.0072214603424072266
0.0064160823822021484
0.005414724349975586
0.005501270294189453
0.006060361862182617
0.005277156829833984
0.006464242935180664
0.0056455135345458984
0.005663394927978516
0.005352973937988281
0.0066187381744384766
0.005618095397949219
0.005102396011352539
0.005602598190307617
0.005608081817626953
0.005486249923706055
0.006346702575683594
0.0056912899017333984
0.0054132938385009766
0.006691455841064453
0.00590062141418457
0.005966901779174805
0.00620579719543457
0.005488872528076172
0.00665283203125
0.007744312286376953
0.009296417236328125
0.006948709487915039
0.005836009979248047
0.005904197692871094
0.005724191665649414
0.005597352981567383
0.006440877914428711
0.012608528137207031
0.0068132877349853516
0.007107973098754883
0.008514881134033203
0.007249593734741211
0.008347272872924805
0.0066492557525634766
0.00540924072265625
0.0055692195892333984
0.005637168884277344
0.004988431930541992
0.005817413330078125
0.02321934700012207
0.027666330337524414
0.017922401428222656
0.006854057312011719
0.015807390213012695
0.006516933441162109
0.007141590118408203
0.007430076599121094
0.00646519660949707
0.006266117095947266
0.005463123321533203
0.006220340728759766
0.0056760311126708984
0.0067081451416015625
0.0070531368255615234
0.005497932434082031
0.005476713180541992
0.005641460418701172
0.0053863525390625
0.005478620529174805
0.005394697189331055
0.006532907485961914
0.005494832992553711
0.005433559417724609
0.006930828094482422
0.009480953216552734
0.010609865188598633
0.017583847045898438
0.02026963233947754
0.008020877838134766
0.006486177444458008
0.007596254348754883
0.0056917667388916016
0.005023002624511719
0.005749940872192383
0.00487971305847168
0.007250785827636719
0.006747245788574219
0.005820512771606445
0.006090402603149414
0.013517379760742188
0.006071329116821289
0.005423069000244141
0.005507230758666992
0.005770206451416016
0.006540536880493164
0.0075206756591796875
0.005286216735839844
0.005402326583862305
0.005472421646118164
0.0068590641021728516
0.0056188106536865234
0.006257057189941406
0.005620002746582031
0.006361722946166992
0.0064220428466796875
0.0053484439849853516
0.0053615570068359375
0.005682945251464844
0.005833864212036133
0.0056858062744140625
0.007364988327026367
0.006946086883544922
0.005503654479980469
0.006452798843383789
0.005836963653564453
0.005869388580322266
0.00681304931640625
0.0073435306549072266
0.006339311599731445
0.006103515625
0.005395650863647461
0.005347251892089844
0.006150484085083008
0.005482673645019531
0.006487369537353516
0.005547761917114258
0.00482177734375
0.005448579788208008
0.007126808166503906
0.0069196224212646484
0.0053539276123046875
0.008290529251098633
0.005828142166137695
0.0057108402252197266
0.011294364929199219
0.006011486053466797
0.011485815048217773
0.007486581802368164
0.011119604110717773
0.006682872772216797
0.007485151290893555
0.008865118026733398
0.014608621597290039
0.005944967269897461
0.005518436431884766
0.006640434265136719
0.0066144466400146484
0.005306243896484375
0.005565166473388672
0.006093025207519531
0.006628274917602539
0.005477428436279297
0.006921291351318359
0.005265712738037109
0.006742238998413086
0.005535125732421875
0.00581812858581543
0.005540132522583008
0.0065004825592041016
0.006552457809448242
0.006680727005004883
0.01411747932434082
0.00693511962890625
0.006359100341796875
0.005208015441894531
0.009198665618896484
0.011564254760742188
0.007006168365478516
0.00955820083618164
0.0057239532470703125
0.005567073822021484
0.0056874752044677734
0.006310462951660156
0.0057604312896728516
0.005561113357543945
0.0057718753814697266
0.006296634674072266
0.005815029144287109
0.005587577819824219
0.006021261215209961
0.005836009979248047
0.005173921585083008
0.005479574203491211
0.006787776947021484
0.006261348724365234
0.005759716033935547
0.00699615478515625
0.011323690414428711
0.0060100555419921875
0.013726472854614258
0.0064258575439453125
0.00720524787902832
0.00573277473449707
0.005220651626586914
0.005174398422241211
0.006814002990722656
0.006038188934326172
0.006345510482788086
0.005721092224121094
0.005899906158447266
0.006604194641113281
0.00568079948425293
0.005400180816650391
0.009639501571655273
0.00942087173461914
0.018402576446533203
0.005918979644775391
0.0058023929595947266
0.006198883056640625
0.005685567855834961
0.005896568298339844
0.005573749542236328
0.0050182342529296875
0.004874467849731445
0.005407810211181641
0.005514383316040039
0.005747556686401367
0.006367206573486328
0.0055310726165771484
0.0055806636810302734
0.006065845489501953
0.006262540817260742
0.005927324295043945
0.00585484504699707
0.007330417633056641
0.005725383758544922
0.007106781005859375
0.006047725677490234
0.006279945373535156
0.010274410247802734
0.005354881286621094
0.0153961181640625
0.009246587753295898
0.005696773529052734
0.005960226058959961
0.006092071533203125
0.007067441940307617
0.006073474884033203
0.007425546646118164
0.0052182674407958984
0.005492448806762695
0.005578756332397461
0.005928754806518555
0.0054874420166015625
0.005810260772705078
0.006143331527709961
0.006980180740356445
0.005351543426513672
0.006043672561645508
0.0056781768798828125
0.005624294281005859
0.006989717483520508
0.005366086959838867
0.0059604644775390625
0.006450653076171875
0.006655454635620117
0.0048885345458984375
0.005643129348754883
0.006663084030151367
0.005192756652832031
0.004927635192871094
0.006582975387573242
0.00565648078918457
0.005590677261352539
0.0060825347900390625
0.005988121032714844
0.0060672760009765625
0.006510257720947266
0.0055179595947265625
0.006903886795043945
0.005854606628417969
0.005655527114868164
0.008604764938354492
0.00553584098815918
0.005925893783569336
0.005366086959838867
0.0059566497802734375
0.005364179611206055
0.005316019058227539
0.005318880081176758
0.006413936614990234
0.008291006088256836
0.006301403045654297
0.006688833236694336
0.0056498050689697266
0.005553007125854492
0.005477428436279297
0.005268096923828125
0.006664752960205078
0.005648612976074219
0.005548238754272461
0.005795717239379883
0.005939483642578125
0.0055561065673828125
0.005561351776123047
0.006129741668701172
0.006186246871948242
0.013679742813110352
0.007831335067749023
0.005920886993408203
0.005132198333740234
0.006104469299316406
0.005472421646118164
0.00539088249206543
0.006044626235961914
0.0060405731201171875
0.005972385406494141
0.0062427520751953125
0.007105350494384766
0.006700038909912109
0.005589962005615234
0.005333662033081055
0.00608515739440918
0.005421638488769531
0.005849599838256836
0.005598545074462891
0.005357980728149414
0.00542759895324707
0.0056912899017333984
0.005118131637573242
0.005295753479003906
0.005890607833862305
0.0062541961669921875
0.006583690643310547
0.0057756900787353516
0.0056231021881103516
0.005005598068237305
0.0054552555084228516
0.0062732696533203125
0.005577564239501953
0.004990339279174805
0.0065424442291259766
0.00581049919128418
0.005837678909301758
0.005365848541259766
0.006833076477050781
0.0058286190032958984
0.0063893795013427734
0.0061893463134765625
0.006632089614868164
0.005446434020996094
0.005454540252685547
0.00801229476928711
0.005692243576049805
0.007264614105224609
0.0051000118255615234
0.005818843841552734
0.005671024322509766
0.005721569061279297
0.006609916687011719
0.007423877716064453
0.0052754878997802734
0.005143642425537109
0.005793333053588867
0.005838155746459961
0.0062084197998046875
0.005600929260253906
0.005387544631958008
0.00564122200012207
0.0065572261810302734
0.005948781967163086
0.008055686950683594
0.00587916374206543
0.0062100887298583984
0.005677223205566406
0.0053675174713134766
0.00644993782043457
0.006180763244628906
0.005460977554321289
0.006554841995239258
0.005959510803222656
0.005441188812255859
0.006120204925537109
0.00693821907043457
0.005450010299682617
0.005448102951049805
0.005522012710571289
0.005143404006958008
0.00587010383605957
0.005877017974853516
0.0057032108306884766
0.00546717643737793
0.0074808597564697266
