0.02662968635559082
0.025353431701660156
0.02230238914489746
0.024987459182739258
0.026390790939331055
0.027629852294921875
0.02630472183227539
0.024297714233398438
0.024670124053955078
0.02484750747680664
0.02544879913330078
0.025222301483154297
0.024941205978393555
0.024985790252685547
0.024614572525024414
0.025279521942138672
0.02585911750793457
0.027724504470825195
0.02809596061706543
0.02525782585144043
0.02695155143737793
0.029661893844604492
0.027167797088623047
0.026897430419921875
0.027840852737426758
0.04063892364501953
0.024641990661621094
0.025595664978027344
0.024242877960205078
0.024072885513305664
0.023838520050048828
0.02557373046875
0.026287555694580078
0.026369810104370117
0.028827905654907227
0.0354464054107666
0.03344321250915527
0.028620004653930664
0.02416229248046875
0.024969816207885742
0.026437997817993164
0.02659440040588379
0.02823019027709961
0.033278703689575195
0.02709031105041504
0.02971959114074707
0.026215553283691406
0.027751684188842773
0.026463747024536133
0.02680063247680664
0.030714988708496094
0.025468826293945312
0.028232336044311523
0.025528669357299805
0.025323152542114258
0.02414083480834961
0.025484800338745117
0.026028871536254883
0.02768540382385254
0.027024030685424805
0.02573251724243164
0.028275251388549805
0.027811288833618164
0.023938894271850586
0.026280879974365234
0.029610872268676758
0.027665376663208008
0.026143789291381836
0.025979042053222656
0.024674177169799805
0.03615307807922363
0.024435997009277344
0.02636098861694336
0.025228023529052734
0.02559828758239746
0.02465367317199707
0.025253772735595703
0.025455236434936523
0.02640843391418457
0.02773261070251465
0.02631235122680664
0.02812981605529785
0.0276491641998291
0.025335073471069336
0.02526402473449707
0.02606201171875
0.03034830093383789
0.025377988815307617
0.02552628517150879
0.03168916702270508
0.02494955062866211
0.026201486587524414
0.028367042541503906
0.0252230167388916
0.026226520538330078
0.024504899978637695
0.033237457275390625
0.025856494903564453
0.025485992431640625
0.025943279266357422
0.02843165397644043
0.036055564880371094
0.025002002716064453
0.02533411979675293
0.02590346336364746
0.026744842529296875
0.0272979736328125
0.024825572967529297
0.02497100830078125
0.031119108200073242
0.027095794677734375
0.024985551834106445
0.02509784698486328
0.025173425674438477
0.025143861770629883
0.025961637496948242
0.025185823440551758
0.02679753303527832
0.043036460876464844
0.026329994201660156
0.025136470794677734
0.024639368057250977
0.023935794830322266
0.024463653564453125
0.026264190673828125
0.0288698673248291
0.02592945098876953
0.02846384048461914
0.02965855598449707
0.02978658676147461
0.02769327163696289
0.0265200138092041
0.025466442108154297
0.03867816925048828
0.027388811111450195
0.02677750587463379
0.029384374618530273
0.02584218978881836
0.024415254592895508
0.02467060089111328
0.0255129337310791
0.02611827850341797
0.025760173797607422
0.02953815460205078
0.03758668899536133
0.03260326385498047
0.04377412796020508
0.03775620460510254
0.02850055694580078
0.03128480911254883
0.028494834899902344
0.030873537063598633
0.03549671173095703
0.059500932693481445
0.04288458824157715
0.03297162055969238
0.03310704231262207
0.04411578178405762
0.03188514709472656
0.026073455810546875
0.02481698989868164
0.024866580963134766
0.026596546173095703
0.025578737258911133
0.02524399757385254
0.025043725967407227
0.024469614028930664
0.02478647232055664
0.02516007423400879
0.027586698532104492
0.02537083625793457
0.02544093132019043
0.026104211807250977
0.02525949478149414
0.025501728057861328
0.02575993537902832
0.02655315399169922
0.02528095245361328
0.03267073631286621
0.028346538543701172
0.02693343162536621
0.025719165802001953
0.0266263484954834
0.025146961212158203
0.027413368225097656
0.027902841567993164
0.03559708595275879
0.02904224395751953
0.04133796691894531
0.04483532905578613
0.03929257392883301
0.027137041091918945
0.025029897689819336
0.026094436645507812
0.027051687240600586
0.029937028884887695
0.025057077407836914
0.02573680877685547
0.02786564826965332
0.0258941650390625
0.025887250900268555
0.026915788650512695
0.026021480560302734
0.026298046112060547
0.02591872215270996
0.025504112243652344
0.027507543563842773
0.02845025062561035
0.0275115966796875
0.02695465087890625
0.02652144432067871
0.03537583351135254
0.046552419662475586
0.03758406639099121
0.03746438026428223
0.04178214073181152
0.027147769927978516
0.025482177734375
0.02639603614807129
0.025979995727539062
0.024572372436523438
0.025265932083129883
0.023920536041259766
0.025198698043823242
0.025542020797729492
0.024645566940307617
0.02742934226989746
0.029404878616333008
0.02538895606994629
0.03973245620727539
0.039681196212768555
0.05454540252685547
0.02487492561340332
0.025386810302734375
0.025133848190307617
0.024423837661743164
0.02501201629638672
0.026258230209350586
0.02548050880432129
0.042508602142333984
0.02672553062438965
0.02456068992614746
0.024585962295532227
0.025997161865234375
0.025055408477783203
0.025522232055664062
0.026036500930786133
0.02483224868774414
0.03078484535217285
0.02430891990661621
0.02568674087524414
0.02893829345703125
0.02861762046813965
0.025591135025024414
0.024852514266967773
0.03294634819030762
0.03270411491394043
0.03478717803955078
0.0346522331237793
0.03636050224304199
0.03687691688537598
0.0334315299987793
0.0349578857421875
0.03353738784790039
0.025663137435913086
0.028073787689208984
0.02438521385192871
0.025844812393188477
0.037034034729003906
0.02747368812561035
0.049204349517822266
0.029738426208496094
0.02600550651550293
0.026236772537231445
0.02756810188293457
0.02775430679321289
0.027063846588134766
0.02688455581665039
0.02672743797302246
0.029603242874145508
0.02557206153869629
0.026486873626708984
0.02874898910522461
0.02917647361755371
0.03123760223388672
0.054746150970458984
0.027266979217529297
0.027642250061035156
0.02641773223876953
0.027597427368164062
0.025639057159423828
0.027040958404541016
0.02502131462097168
0.024687528610229492
0.026134490966796875
0.025650978088378906
0.02463817596435547
0.024718284606933594
0.024837255477905273
0.02611398696899414
0.026098966598510742
0.02606797218322754
0.02654290199279785
0.026212453842163086
0.027104854583740234
0.02754950523376465
0.02756977081298828
0.028536081314086914
0.03873491287231445
0.02841353416442871
0.03542590141296387
0.04169011116027832
0.031064510345458984
0.03645157814025879
0.033058881759643555
0.030141115188598633
0.027282238006591797
0.025995969772338867
0.02667999267578125
0.02489614486694336
0.028337478637695312
0.026592016220092773
0.04034090042114258
0.035358428955078125
0.03843283653259277
0.029985427856445312
0.03508353233337402
0.04144859313964844
0.02775859832763672
0.025419950485229492
0.026788711547851562
0.029184579849243164
0.027899503707885742
0.026495933532714844
0.026260852813720703
0.02811145782470703
0.026409149169921875
0.029041528701782227
0.031181812286376953
0.024363279342651367
0.02801346778869629
0.03741288185119629
0.027346372604370117
0.025763988494873047
0.027184724807739258
0.02454233169555664
0.02574896812438965
0.027354001998901367
0.025371074676513672
0.024277448654174805
0.02489161491394043
0.026160717010498047
0.026691675186157227
0.024999141693115234
0.03685355186462402
0.026786088943481445
0.031095504760742188
0.02755117416381836
0.029685258865356445
0.032715559005737305
0.03024768829345703
0.02870655059814453
0.025792598724365234
0.02663254737854004
0.02665567398071289
0.02593827247619629
0.027229785919189453
0.025565624237060547
0.026007890701293945
0.025543212890625
0.02469491958618164
0.025997638702392578
0.028385639190673828
0.024931669235229492
0.02490544319152832
0.025890350341796875
0.02424478530883789
0.02689814567565918
0.025871753692626953
0.0254669189453125
0.025051355361938477
0.025354385375976562
0.02433943748474121
0.024753332138061523
0.024860143661499023
0.02472662925720215
0.025280475616455078
0.025096416473388672
0.024490833282470703
0.024507761001586914
0.02456498146057129
0.02428126335144043
0.02203655242919922
0.02502751350402832
0.027040481567382812
0.025493383407592773
0.02484607696533203
0.025883913040161133
0.02442765235900879
0.025374174118041992
0.027906179428100586
0.028463363647460938
0.030361175537109375
0.02594304084777832
0.027353763580322266
0.029584407806396484
0.025897979736328125
0.02550029754638672
0.02448749542236328
0.025275230407714844
0.02555561065673828
0.02607274055480957
0.04644322395324707
0.02727651596069336
0.02682971954345703
0.02661585807800293
0.025515079498291016
0.027330636978149414
0.027616024017333984
0.04179883003234863
0.035988569259643555
0.03903341293334961
0.04210042953491211
0.036603689193725586
0.058220863342285156
0.03682208061218262
0.02447795867919922
0.042550086975097656
0.06308126449584961
0.030766010284423828
0.0294039249420166
0.02709674835205078
0.026154279708862305
0.024927377700805664
0.027904510498046875
0.025651931762695312
0.0252835750579834
0.02509617805480957
0.02548074722290039
0.024486780166625977
0.026708602905273438
0.03143882751464844
0.0256197452545166
0.029048442840576172
0.030091047286987305
0.02419734001159668
0.0253753662109375
0.027639150619506836
0.026571035385131836
0.02572345733642578
0.024962425231933594
0.025236129760742188
0.026882648468017578
0.02526235580444336
0.024604320526123047
0.025470495223999023
0.02697277069091797
0.028661727905273438
0.02833414077758789
0.02562689781188965
0.06578350067138672
0.025402307510375977
0.025474071502685547
0.025763750076293945
0.026656627655029297
0.025035381317138672
0.025089502334594727
0.024971961975097656
0.026187658309936523
0.02729964256286621
0.02472090721130371
0.02444148063659668
0.0251617431640625
0.024411439895629883
0.02531886100769043
0.024737834930419922
0.025541067123413086
0.02521038055419922
0.02504754066467285
0.025894880294799805
0.025355815887451172
0.024928808212280273
0.026139259338378906
0.026436328887939453
0.024901628494262695
0.03090047836303711
0.027827024459838867
0.02943897247314453
0.025365591049194336
0.02468705177307129
0.025638341903686523
0.02421712875366211
0.025535106658935547
0.025177955627441406
0.026404857635498047
0.026227235794067383
0.025624513626098633
0.024564504623413086
0.024671316146850586
0.02616405487060547
0.024449586868286133
0.0240938663482666
0.024982452392578125
0.02464604377746582
0.024425029754638672
0.02547311782836914
0.02575230598449707
0.02584695816040039
0.02505016326904297
0.027352571487426758
0.035517215728759766
0.025450706481933594
0.024372339248657227
0.028630495071411133
0.027449369430541992
0.0256500244140625
0.024050474166870117
0.02515244483947754
0.026032686233520508
0.024623632431030273
0.03209257125854492
0.024964094161987305
0.025910139083862305
0.025504589080810547
0.026078462600708008
0.03207993507385254
0.0321345329284668
0.04480266571044922
0.050688743591308594
0.04526185989379883
0.029267549514770508
0.02983713150024414
0.025307655334472656
0.025308847427368164
0.028134584426879883
0.03149676322937012
0.04273653030395508
0.02858734130859375
0.02472400665283203
0.02569413185119629
0.025524139404296875
0.026552677154541016
0.025092363357543945
0.02512645721435547
0.025999784469604492
0.027853012084960938
0.024521350860595703
0.025232315063476562
0.025481700897216797
0.026897907257080078
0.03193187713623047
0.026686429977416992
0.024211645126342773
0.02568340301513672
0.0249936580657959
0.025106430053710938
0.025664567947387695
0.026251792907714844
0.025065898895263672
0.025146484375
0.025690555572509766
0.02564692497253418
0.02549886703491211
0.02521347999572754
0.024554729461669922
0.028248310089111328
0.026540517807006836
0.026452064514160156
0.02470707893371582
0.025371551513671875
0.02437877655029297
0.028517961502075195
0.025016069412231445
0.025380611419677734
0.0257418155670166
0.025617122650146484
0.042237043380737305
0.05321478843688965
0.04819130897521973
0.03242230415344238
0.03884530067443848
0.048401832580566406
0.037821292877197266
0.03281569480895996
0.027225017547607422
0.02743816375732422
0.02555084228515625
0.0259549617767334
0.025199174880981445
0.02580714225769043
0.026649951934814453
0.025240421295166016
0.02752971649169922
0.025107622146606445
0.024828433990478516
0.025925159454345703
0.02526116371154785
0.02476978302001953
0.026235342025756836
0.024932861328125
0.027635812759399414
0.028191566467285156
0.026764869689941406
0.027159452438354492
0.024988174438476562
0.028998851776123047
0.02480340003967285
0.03986620903015137
0.02880406379699707
0.026772499084472656
0.026653528213500977
0.02630329132080078
0.027698993682861328
0.029340505599975586
0.028026580810546875
0.02754068374633789
0.04318952560424805
0.0442967414855957
0.036139488220214844
0.053148508071899414
0.03724861145019531
0.028131484985351562
0.026556968688964844
0.025182008743286133
0.024775266647338867
0.025042295455932617
0.026482582092285156
0.07790684700012207
0.04273867607116699
0.038532257080078125
0.04765892028808594
0.033426761627197266
0.04952692985534668
0.04416513442993164
0.03223609924316406
0.02523946762084961
0.025990724563598633
0.025023698806762695
0.02438497543334961
0.024054765701293945
0.02518916130065918
0.025295734405517578
0.024595975875854492
0.024666547775268555
0.024648189544677734
0.02501654624938965
0.025471925735473633
0.026693105697631836
0.026077985763549805
0.024536609649658203
0.02568674087524414
0.051878929138183594
0.03560781478881836
0.0543825626373291
0.04352903366088867
0.04598259925842285
0.03969526290893555
0.028570175170898438
0.025593996047973633
0.024927854537963867
0.02576160430908203
0.025908708572387695
0.024851322174072266
0.02950310707092285
0.026358842849731445
0.02950882911682129
0.030572891235351562
0.028998613357543945
0.024396419525146484
0.025023221969604492
0.02579021453857422
0.03843808174133301
0.02922511100769043
0.02582263946533203
0.025304317474365234
0.02451920509338379
0.0245969295501709
0.025239229202270508
0.026340723037719727
0.027319669723510742
0.02490687370300293
0.02593684196472168
0.02493143081665039
0.02482128143310547
0.024820566177368164
0.026846885681152344
0.02774214744567871
0.035941123962402344
0.03714895248413086
0.03352093696594238
0.03031468391418457
0.028831005096435547
0.027022123336791992
0.02928304672241211
0.025549650192260742
0.02969956398010254
0.025603055953979492
0.033553123474121094
0.02493119239807129
0.024545669555664062
0.026430606842041016
0.024881601333618164
0.025892972946166992
0.025458812713623047
0.025496959686279297
0.024533987045288086
0.025381803512573242
0.02597784996032715
0.024889469146728516
0.025774002075195312
0.025197744369506836
0.0291597843170166
0.03129458427429199
0.04668235778808594
0.04402732849121094
0.05666470527648926
0.03396153450012207
0.059717655181884766
0.04797720909118652
0.05337667465209961
0.0950918197631836
0.02570939064025879
0.02562427520751953
0.02589273452758789
0.024985551834106445
0.024324417114257812
0.024755477905273438
0.025590181350708008
0.026746273040771484
0.026458263397216797
0.025246143341064453
0.025159597396850586
0.02546095848083496
0.027581214904785156
0.025645971298217773
0.025773286819458008
0.026970624923706055
0.025201797485351562
0.024602413177490234
0.06457185745239258
0.0536198616027832
0.02551555633544922
0.02512836456298828
0.09677314758300781
0.06451201438903809
0.030315399169921875
0.02645087242126465
0.027616262435913086
0.025969505310058594
0.06708812713623047
0.02656412124633789
0.02443099021911621
0.04123687744140625
0.0329742431640625
0.028185129165649414
0.026928424835205078
0.03270673751831055
0.038039445877075195
0.02650737762451172
0.028257369995117188
0.03120875358581543
0.03421783447265625
0.032111406326293945
0.0378875732421875
0.0498967170715332
0.03362584114074707
0.04006171226501465
0.05202484130859375
0.08015847206115723
0.027555227279663086
0.02468395233154297
0.025166749954223633
0.027532100677490234
0.027046680450439453
0.027011871337890625
0.026364803314208984
0.02550983428955078
0.04289054870605469
0.03121662139892578
0.026450395584106445
0.054248809814453125
0.028275251388549805
0.028810977935791016
0.03380608558654785
0.027745485305786133
0.03172135353088379
0.029083251953125
0.025707721710205078
0.025614261627197266
0.024801254272460938
0.02281355857849121
0.024455547332763672
0.02673816680908203
0.027024507522583008
0.026601552963256836
0.02685403823852539
0.025502920150756836
0.03956913948059082
0.029837846755981445
0.02647876739501953
0.028087615966796875
0.026873111724853516
0.05820488929748535
0.027037382125854492
0.0272829532623291
0.03018808364868164
0.051525115966796875
0.02819061279296875
0.029596805572509766
0.05154132843017578
0.06238603591918945
0.025580644607543945
0.02529144287109375
0.026601076126098633
0.026589632034301758
0.024802684783935547
0.025800704956054688
0.0260007381439209
0.026844263076782227
0.026978731155395508
0.024727821350097656
0.024761438369750977
0.025853633880615234
0.02604365348815918
0.02679896354675293
0.02502918243408203
0.02540874481201172
0.025070905685424805
0.024738550186157227
0.02533864974975586
0.028900623321533203
0.02591681480407715
0.026250600814819336
0.025668859481811523
0.026721954345703125
0.025179624557495117
0.026113271713256836
0.029528379440307617
0.03090047836303711
0.026231765747070312
0.026426076889038086
0.027883291244506836
0.024863719940185547
0.0252382755279541
0.026882171630859375
0.025800466537475586
0.027593612670898438
0.025403261184692383
0.02849411964416504
0.026987552642822266
0.033504486083984375
0.02714991569519043
0.02987217903137207
0.026058435440063477
0.028920412063598633
0.028814077377319336
0.025093793869018555
0.025242328643798828
0.029621601104736328
0.025890350341796875
0.02744150161743164
0.02833414077758789
0.02433919906616211
0.02531599998474121
0.025719881057739258
0.025361299514770508
0.025699377059936523
0.025505542755126953
0.0252988338470459
0.027211904525756836
0.025701284408569336
0.026693105697631836
0.028218984603881836
0.025020122528076172
0.02768397331237793
0.031475067138671875
0.04346275329589844
0.027555227279663086
0.025605201721191406
0.026774168014526367
0.025942325592041016
0.025779247283935547
0.02593684196472168
0.026690959930419922
0.028102874755859375
0.029728174209594727
0.02630782127380371
0.02559375762939453
0.025492429733276367
0.024834871292114258
0.026968955993652344
0.025523662567138672
0.026311635971069336
0.02625250816345215
0.026064395904541016
0.024613618850708008
0.024483919143676758
0.025706052780151367
0.026122570037841797
0.03109145164489746
0.027280807495117188
0.026274681091308594
0.0280153751373291
0.025441884994506836
0.025862932205200195
0.025395870208740234
0.024797439575195312
0.024650096893310547
0.024209260940551758
0.025826692581176758
0.02558159828186035
0.025915861129760742
0.025202035903930664
0.02610635757446289
0.027770280838012695
0.02883148193359375
0.02600550651550293
0.025737762451171875
0.02484917640686035
0.027106523513793945
0.0261077880859375
0.025536298751831055
0.03280353546142578
0.02452254295349121
0.02496957778930664
0.025485754013061523
0.02583622932434082
0.025668621063232422
0.025392532348632812
0.026801347732543945
0.02584362030029297
0.026941537857055664
0.025325536727905273
0.024886369705200195
0.024868011474609375
0.02544260025024414
0.025280475616455078
0.02760004997253418
0.027464628219604492
0.027636051177978516
0.03171849250793457
0.026492834091186523
0.024806976318359375
0.024761676788330078
0.02606940269470215
0.02470850944519043
0.02561020851135254
0.025191307067871094
0.028446197509765625
0.02590489387512207
0.0314483642578125
0.02773761749267578
0.025188684463500977
0.025350093841552734
0.026856184005737305
0.029625654220581055
0.025273799896240234
0.025137901306152344
0.025458574295043945
0.026093006134033203
